Optimized parameters
G = 5.300005E+10
K = 1.349999E+11
