Optimized parameters
G = 5.380242E+10
K = 1.350178E+11
