Optimized parameters
G = 5.380202E+10
K = 1.350209E+11
