Optimized parameters
opt_g = 5.300005E+10
opt_k = 1.349999E+11
