Optimized parameters
opt_g = 5.395142E+10
opt_k = 1.350079E+11
