Optimized parameters
A1 = 8.432207E+08
A2 = 2.729348E-10
A3 = 8.220622E+08
A4 = 2.103740E-10

Equivalent new paramters:
STREN = 8.432207E+08
PEAKI1 = 9.310871E+07
FSLOPE = 2.301443E-01
YSLOPE = 2.103740E-10