Optimized parameters
opt_g = 5.300121E+10
opt_k = 1.350009E+11
