Optimized parameters
opt_g = 5.380202E+10
opt_k = 1.350209E+11
