Optimized parameters
G = 5.300121E+10
K = 1.350009E+11
