# Limit surface parameters
A1 = 8.430200E+08
A2 = 2.731000E-10
A3 = 8.219200E+08
A4 = 5.234963E-11
# New limit surface parameters
STREN = 8.430200E+08
PEAKI1 = 9.281441E+07
FSLOPE = 2.302288E-01
YSLOPE = 5.234963E-11
