Optimized parameters
A1 = 8.431170E+08
A2 = 2.730061E-10
A3 = 8.219935E+08
A4 = 2.085264E-10

Equivalent new paramters:
STREN = 8.431170E+08
PEAKI1 = 9.294053E+07
FSLOPE = 2.301761E-01
YSLOPE = 2.085264E-10