# Limit surface parameters
A1 = 8.431006E+08
A2 = 2.730727E-10
A3 = 8.219174E+08
A4 = 0.000000E+00
# New limit surface parameters
STREN = 8.431006E+08
PEAKI1 = 9.318514E+07
FSLOPE = 2.302278E-01
YSLOPE = 0.000000E+00
